15
Aerococcus_urinae_ACS_120_V_Col10a_uid64757 0.0000000000 0.4961955440 0.4928931462 0.4935212069 0.4937237988 0.4940429886 0.4941378298 0.4942388297 0.4942855227 0.4942277070 0.4941482624 0.4938338576 0.4941793928 0.4941817676 0.4941170722 
Alicyclobacillus_acidocaldarius_DSM_446_uid59199 0.4961955440 0.0000000000 0.4890877288 0.4912940860 0.4911839082 0.4920272857 0.4921527239 0.4922159458 0.4920942178 0.4922607152 0.4920944604 0.4914893398 0.4919408627 0.4921973089 0.4919840813 
Anoxybacillus_flavithermus_WK1_uid59135 0.4928931462 0.4890877288 0.0000000000 0.4689898152 0.4686877934 0.4705442382 0.4710140189 0.4713356783 0.4709669517 0.4713287532 0.4707645683 0.4687909108 0.4767752006 0.4713533120 0.4710073052 
Bacillus_amyloliquefaciens_DSM_7_uid53535 0.4935212069 0.4912940860 0.4689898152 0.0000000000 0.1831854384 0.4731196096 0.4735093311 0.4734846314 0.4734126634 0.4735055979 0.4732975796 0.3656179653 0.4806405237 0.4734142802 0.4736350595 
Bacillus_amyloliquefaciens_FZB42_uid58271 0.4937237988 0.4911839082 0.4686877934 0.1831854384 0.0000000000 0.4733301670 0.4737321839 0.4738130408 0.4735782326 0.4738132934 0.4735184107 0.3641395687 0.4805575498 0.4738484832 0.4739252461 
Bacillus_anthracis_A0248_uid59385 0.4940429886 0.4920272857 0.4705442382 0.4731196096 0.4733301670 0.0000000000 0.0193259051 0.0289872947 0.1188130394 0.0323963198 0.0132790093 0.4728336064 0.4818080824 0.1272924157 0.1814901422 
Bacillus_anthracis_Ames_uid57909 0.4941378298 0.4921527239 0.4710140189 0.4735093311 0.4737321839 0.0193259051 0.0000000000 0.0237351726 0.1154170198 0.0222080390 0.0085882277 0.4732736752 0.4820316466 0.1254071341 0.1813018894 
Bacillus_anthracis_CDC_684_uid59303 0.4942388297 0.4922159458 0.4713356783 0.4734846314 0.4738130408 0.0289872947 0.0237351726 0.0000000000 0.1058965159 0.0107667672 0.0304795903 0.4729326424 0.4822554483 0.1171998111 0.1748782071 
Bacillus_anthracis_CI_uid50615 0.4942855227 0.4920942178 0.4709669517 0.4734126634 0.4735782326 0.1188130394 0.1154170198 0.1058965159 0.0000000000 0.1058091874 0.1192893900 0.4728179971 0.4821656402 0.1136825776 0.1694644794 
Bacillus_anthracis_Sterne_uid58091 0.4942277070 0.4922607152 0.4713287532 0.4735055979 0.4738132934 0.0323963198 0.0222080390 0.0107667672 0.1058091874 0.0000000000 0.0289328606 0.4728697596 0.4822126362 0.1194804036 0.1766496057 
Bacillus_anthracis__Ames_Ancestor__uid58083 0.4941482624 0.4920944604 0.4707645683 0.4732975796 0.4735184107 0.0132790093 0.0085882277 0.0304795903 0.1192893900 0.0289328606 0.0000000000 0.4730401835 0.4819525472 0.1283598563 0.1820558951 
Bacillus_atrophaeus_1942_uid59887 0.4938338576 0.4914893398 0.4687909108 0.3656179653 0.3641395687 0.4728336064 0.4732736752 0.4729326424 0.4728179971 0.4728697596 0.4730401835 0.0000000000 0.4803631925 0.4733420536 0.4733609939 
Bacillus_cellulosilyticus_DSM_2522_uid43329 0.4941793928 0.4919408627 0.4767752006 0.4806405237 0.4805575498 0.4818080824 0.4820316466 0.4822554483 0.4821656402 0.4822126362 0.4819525472 0.4803631925 0.0000000000 0.4822361742 0.4823552289 
Bacillus_cereus_03BB102_uid59299 0.4941817676 0.4921973089 0.4713533120 0.4734142802 0.4738484832 0.1272924157 0.1254071341 0.1171998111 0.1136825776 0.1194804036 0.1283598563 0.4733420536 0.4822361742 0.0000000000 0.1766179829 
Bacillus_cereus_AH187_uid58753 0.4941170722 0.4919840813 0.4710073052 0.4736350595 0.4739252461 0.1814901422 0.1813018894 0.1748782071 0.1694644794 0.1766496057 0.1820558951 0.4733609939 0.4823552289 0.1766179829 0.0000000000 
